0 0.996835051540688
100 0.179615242698575
200 0.762804445604782
300 0.902259071178112
400 0.245088299154615
500 0.881966857337773
600 0.0785689258428422
700 0.500833017668457
800 0.353528675212561
900 0.638832423718586
1000 0.549506268856438
1100 0.500808743947326
1200 0.543374200079794
1300 0.678493116780418
1400 0.400996188421128
1500 0.689684898130546
1600 0.908799454944012
1700 0.992855540205621
1800 0.709030569393588
1900 0.949091492543658
2000 0.507360094314621
2100 0.772426445157155
2200 0.514624537857648
2300 0.69444895094868
2400 0.935023564984844
2500 0.971747123831834
2600 0.761246154053432
2700 0.794262014956326
2800 0.298277966736413
2900 0.847146627201307
3000 0.81591613816125
3100 0.977608026154534
3200 0.719055077021998
3300 0.800360049711671
3400 0.787409476871582
3500 0.595775859332164
3600 0.678959522417948
3700 0.975786332196606
3800 0.890464721105757
3900 0.39129243336098
4000 0.380078260246774
4100 0.593228997595809
4200 0.231780167578763
4300 0.466830380087245
4400 0.756542872016125
4500 0.990295353729293
4600 0.427876267946695
4700 0.299036746348707
4800 0.412906201807722
4900 0.675832781246433
5000 0.367612626248397
5100 0.6734667009132
5200 0.994802667550626
5300 0.946186211771845
5400 0.759918013584501
5500 0.752625590759746
5600 0.511428451048544
5700 0.807110368379595
5800 0.662450462020951
5900 0.602245924139146
6000 0.868518017262177
6100 0.974044349821496
6200 0.715230335974735
6300 0.859877139336702
6400 0.825645786550021
6500 0.893366091529491
6600 0.48745861589437
6700 0.523479834266252
6800 0.707770296080935
6900 0.36414265282391
7000 0.957006754732003
7100 0.737093876075334
7200 0.740114210618032
7300 0.944631165241769
7400 0.956469616139096
7500 0.570977586214993
7600 0.853272606817552
7700 0.886602750067011
7800 0.61489266620715
7900 0.665986477865709
8000 0.666571203439397
8100 0.894183537158426
8200 0.320768314399563
8300 0.817229858510037
8400 0.735310421637562
8500 0.545645431898844
8600 0.678806241808897
8700 0.94434160393077
8800 0.580130391704308
8900 0.316811600327014
9000 0.574216462109672
9100 0.775696540218046
9200 0.758055294422668
9300 0.119394910416453
9400 0.0557326931075372
9500 0.632243969696515
9600 0.852581806356682
9700 0.733937170701841
9800 0.574961250970051
9900 0.799925812578509
