0 0.43759778885136
100 0.662891068567994
200 0.442363335168028
300 0.325464796766459
400 0.567918450766301
500 0.353327132852981
600 0.960981718723618
700 0.170098932553605
800 0.729313557239402
900 0.50778315922447
1000 0.568520101290054
1100 0.386980461299313
1200 0.996371907894587
1300 0.635465294664062
1400 0.762731751055064
1500 0.790909830424316
1600 0.799982170730757
1700 0.0778159196659476
1800 0.434798022949868
1900 0.221837463926984
2000 0.537153166806361
2100 0.391181861208281
2200 0.416350404598154
2300 0.442156789735994
2400 0.933307044420445
2500 0.899046645516534
2600 0.203749266504104
2700 0.555711611354191
2800 0.79869203848174
2900 0.524422663701592
3000 0.872207942580931
3100 0.577097262172701
3200 0.723516941928963
3300 0.343112658494667
3400 0.611846729563746
3500 0.456869467350442
3600 0.503803418723153
3700 0.106544460483741
3800 0.814046986033024
3900 0.683078413755439
4000 0.0724209488754972
4100 0.737979850573236
4200 0.639120123624408
4300 0.24829033529888
4400 0.218204905862571
4500 0.843436336412516
4600 0.552936424565008
4700 0.355712521133283
4800 0.316608471400862
4900 0.46666017380195
5000 0.804247396968069
5100 0.0548979507556084
5200 0.827674843886208
5300 0.663016768978631
5400 0.871337403767312
5500 0.617415288796883
5600 0.626501185269183
5700 0.84513922145892
5800 0.239457304172855
5900 0.699991511435535
6000 0.412301036765698
6100 0.781454290114626
6200 0.157145837087401
6300 0.76096067776987
6400 0.412895235836193
6500 0.372169071016704
6600 0.824860512797438
6700 0.943814896376665
6800 0.995871953136083
6900 0.770307805781395
7000 0.642850624405002
7100 0.767868411613621
7200 0.872784572892536
7300 0.592070752409721
7400 0.298797211964793
7500 0.52182981951704
7600 0.75436375857678
7700 0.939323904519632
7800 0.405671176150106
7900 0.940023298040218
8000 0.797269296158726
8100 0.78643871184476
8200 0.556950847655122
8300 0.981974379196566
8400 0.719276208389044
8500 0.860616449958221
8600 0.741591239920902
8700 0.620406993031976
8800 0.704040948002048
8900 0.707745250818781
9000 0.251898917754287
9100 0.432539776879245
9200 0.55210509279375
9300 0.755818122993627
9400 0.934790760531076
9500 0.96489317353302
9600 0.989190703395918
9700 0.723951897271653
9800 0.679029247714107
9900 0.582337766581224
