0 0.847613118349943
100 0.644874418541281
200 0.972112721368284
300 0.81102707581511
400 0.80148343462907
500 0.923004974501083
600 0.735178513099869
700 0.547010967050019
800 0.547614518900651
900 0.401445286640271
1000 0.0935379787388817
1100 0.833602354899954
1200 0.586057791680384
1300 0.859097057202233
1400 0.289135018076977
1500 0.47202555467337
1600 0.841042415069951
1700 0.356245113679666
1800 0.70438754587162
1900 0.271495859157076
2000 0.700546108607352
2100 0.99273509855969
2200 0.972243964785234
2300 0.808126365616167
2400 0.552983632811391
2500 0.80958581689292
2600 0.178568266503722
2700 0.791805876891009
2800 0.591546589972576
2900 0.930209766603116
3000 0.613242608837834
3100 0.948667251239822
3200 0.971971592475687
3300 0.865124893446757
3400 0.182863989862849
3500 0.712892385376102
3600 0.593930178482077
3700 0.986399897121628
3800 0.710724174083074
3900 0.550215253614159
4000 0.116510036383972
4100 0.986938634269669
4200 0.32344476468801
4300 0.508139255741304
4400 0.506132643257558
4500 0.722868622684432
4600 0.19635324650529
4700 0.988336430580987
4800 0.714941163571695
4900 0.783499451923317
5000 0.842844758104628
5100 0.941264059553975
5200 0.607165663583471
5300 0.630241456800039
5400 0.932227576095602
5500 0.564169465962663
5600 0.923560815067275
5700 0.382050300693107
5800 0.351067562530936
5900 0.931191293804956
6000 0.908170584511005
6100 0.298147081513529
6200 0.990138922084182
6300 0.966670424327037
6400 0.913255423737663
6500 0.399615378406975
6600 0.553191377710061
6700 0.701426062825651
6800 0.495153456362105
6900 0.763989504750505
7000 0.949137726537042
7100 0.868053550198014
7200 0.31892281058418
7300 0.360109108419833
7400 0.843160308826663
7500 0.681864816877146
7600 0.771483429473587
7700 0.963226497231834
7800 0.595167677640179
7900 0.0999100765095661
8000 0.982961460978476
8100 0.294418726019045
8200 0.975162179709897
8300 0.793899546837339
8400 0.286306551436709
8500 0.581942139434931
8600 0.941389713893982
8700 0.528765306347756
8800 0.653611949510071
8900 0.850541547647292
9000 0.919246947502874
9100 0.37645579734155
9200 0.794162175606886
9300 0.617890500830603
9400 0.636137094767291
9500 0.950534419203257
9600 0.505418574595174
9700 0.213093685394779
9800 0.621864923655822
9900 0.548731136491338
