0 0.826432124534487
100 0.403135353967767
200 0.696665539021688
300 0.768855105569559
400 0.607226215485455
500 0.263596709010227
600 0.606151140508968
700 0.141313826141816
800 0.828634859747109
900 0.763802086632961
1000 0.984216549823277
1100 0.160642050663078
1200 0.335862804996725
1300 0.782308314816163
1400 0.903893540963991
1500 0.929244664379324
1600 0.285552828487949
1700 0.55569354559009
1800 0.464731050501566
1900 0.958360300195415
2000 0.222775573713538
2100 0.685803472691647
2200 0.842770085681735
2300 0.158119901648653
2400 0.818973882974223
2500 0.639277243107647
2600 0.822842176665899
2700 0.737228729743806
2800 0.92126558707394
2900 0.826298831452429
3000 0.87850487895625
3100 0.867425021649056
3200 0.519847011380002
3300 0.802626708449002
3400 0.142921261834893
3500 0.848175630235389
3600 0.639420203629732
3700 0.529984906330723
3800 0.765458504755376
3900 0.793353955249409
4000 0.602747055312489
4100 0.450609047036247
4200 0.781355910125903
4300 0.81450255619043
4400 0.557054165265811
4500 0.800423343709031
4600 0.450267875371788
4700 0.759594599258784
4800 0.651506477866015
4900 0.996557427807701
5000 0.457106845617183
5100 0.740470886191164
5200 0.852866669569182
5300 0.319870129413137
5400 0.220142019943478
5500 0.645245650137561
5600 0.774183998894203
5700 0.982003804148039
5800 0.805152665448959
5900 0.866886066927448
6000 0.86607512556577
6100 0.727341861368999
6200 0.706290206599434
6300 0.430338640917556
6400 0.90677404076395
6500 0.774224265719599
6600 0.962424858377628
6700 0.561332879696713
6800 0.595387647491759
6900 0.377935895265069
7000 0.817096782644377
7100 0.975487721284818
7200 0.990601305864393
7300 0.66470594700299
7400 0.914342148069705
7500 0.865653361749291
7600 0.79221691716165
7700 0.177343758034811
7800 0.959821128171893
7900 0.517393836015232
8000 0.60963402990782
8100 0.860235441297474
8200 0.203167715418438
8300 0.37792385297653
8400 0.26530962911938
8500 0.857997656698493
8600 0.423046762989484
8700 0.368196051571337
8800 0.568626141906695
8900 0.365030259071645
9000 0.355048350228319
9100 0.558414885129264
9200 0.544471719715495
9300 0.618371379582747
9400 0.543533511534048
9500 0.567835067826454
9600 0.656295102845858
9700 0.586117691903548
9800 0.922901715702062
9900 0.876004436032442
