0 0.607224840492722
100 0.569045945222441
200 0.388658478400572
300 0.71569567167031
400 0.698433358858353
500 0.565376921441622
600 0.305345122465361
700 0.494332109637683
800 0.578113690109393
900 0.814085746743708
1000 0.843329884657096
1100 0.823013194484269
1200 0.953578906604344
1300 0.740277142692081
1400 0.65366780337074
1500 0.811787155173439
1600 0.997387061049896
1700 0.599906253980486
1800 0.836325989397094
1900 0.775657881301351
2000 0.800342915229139
2100 0.892693934268035
2200 0.944940505276794
2300 0.992943383697776
2400 0.427032807109512
2500 0.589779703897842
2600 0.43753941019976
2700 0.879524249057493
2800 0.29875483736158
2900 0.689608131489195
3000 0.34469605167654
3100 0.245403555657196
3200 0.138435433356992
3300 0.261307825684996
3400 0.0545342268684598
3500 0.965258997029426
3600 0.371880316971787
3700 0.38484370793601
3800 0.988352273803284
3900 0.605022144767931
4000 0.893320805656742
4100 0.480847085691908
4200 0.483024809922357
4300 0.612722902547759
4400 0.993249208510117
4500 0.968992932012049
4600 0.442267215964612
4700 0.959307084709396
4800 0.955701209229664
4900 0.937188725900389
5000 0.400578922096843
5100 0.178793234845209
5200 0.827635958060756
5300 0.407921281678382
5400 0.939787567479731
5500 0.269610380826763
5600 0.737405522032365
5700 0.305724754188605
5800 0.132770353705397
5900 0.925216292548476
6000 0.990551602767839
6100 0.994216611811698
6200 0.769485732187078
6300 0.660246769847199
6400 0.567839028723377
6500 0.647394382751418
6600 0.700669487867688
6700 0.445686927454282
6800 0.917940202608996
6900 0.353092714512219
7000 0.584627956657491
7100 0.696648146494453
7200 0.70073620053763
7300 0.417464093673531
7400 0.941482840584177
7500 0.348831600594266
7600 0.651463517568088
7700 0.683578579938684
7800 0.774171082012471
7900 0.417707879608212
8000 0.295064588463003
8100 0.942381060801247
8200 0.644193951173159
8300 0.960604355262701
8400 0.687371712400609
8500 0.958388111864653
8600 0.962810563445078
8700 0.504187616262426
8800 0.423677261866704
8900 0.883548989540892
9000 0.831372077588352
9100 0.49644073301833
9200 0.713305873807495
9300 0.776768936268695
9400 0.790077746219906
9500 0.684910826268133
9600 0.930181407285682
9700 0.463325278060014
9800 0.45580440924731
9900 0.72370716760588
