0 0.340994753368192
100 0.77499515332809
200 0.758314818647192
300 0.980804272203025
400 0.638686955343921
500 0.720410126057423
600 0.29084292870514
700 0.786027962344484
800 0.42217230889443
900 0.610964509080069
1000 0.485521860870882
1100 0.875629140991847
1200 0.923344902723707
1300 0.730712276933886
1400 0.845749488847018
1500 0.272913729607346
1600 0.70298309019974
1700 0.257623587016225
1800 0.48946019872157
1900 0.970846582659431
2000 0.916930416726203
2100 0.362626124660937
2200 0.566379431591146
2300 0.403013081179225
2400 0.373748274387228
2500 0.423181782323473
2600 0.825426194237655
2700 0.896298597420803
2800 0.931643011182052
2900 0.245689963411259
3000 0.25621393621603
3100 0.707037619435615
3200 0.893656126632746
3300 0.361784775312714
3400 0.104312514979085
3500 0.703354408006588
3600 0.798891527689852
3700 0.957997080201317
3800 0.723458487733286
3900 0.752681160981166
4000 0.634660615671519
4100 0.649160053655903
4200 0.814435174084397
4300 0.169455429973156
4400 0.791690545989204
4500 0.482379882303402
4600 0.787391281848603
4700 0.560455601850773
4800 0.818005162822672
4900 0.248707907057451
5000 0.201448420605474
5100 0.530387359925297
5200 0.660746788342374
5300 0.185336086729529
5400 0.858700149977075
5500 0.0227471495079863
5600 0.876114913424537
5700 0.909750882934657
5800 0.682637250350302
5900 0.948947441167544
6000 0.717998006457305
6100 0.865177893248186
6200 0.493837490226084
6300 0.733753244396761
6400 0.962630478694202
6500 0.0770801441101001
6600 0.894367679769712
6700 0.637858114082755
6800 0.583968979854258
6900 0.27903256923342
7000 0.404138136824616
7100 0.770019828479446
7200 0.923000756697518
7300 0.467283345809905
7400 0.498171154345415
7500 0.45389811511391
7600 0.5839468549633
7700 0.863197990298072
7800 0.65562513665997
7900 0.272195136487182
8000 0.323444101708528
8100 0.971838326060236
8200 0.495013429512306
8300 0.711286111197895
8400 0.702663135661566
8500 0.748459429247921
8600 0.485030191385622
8700 0.556277536044841
8800 0.545896006179541
8900 0.746148157226832
9000 0.479760251892563
9100 0.78554865401435
9200 0.681793958037654
9300 0.553357298805177
9400 0.643593470413493
9500 0.0792855636393383
9600 0.290203512657183
9700 0.810280715520236
9800 0.601792388151442
9900 0.905133872142827
