0 0.93799889807722
100 0.312705864749111
200 0.915182413991249
300 0.299289328764536
400 0.233871991583832
500 0.864320249780617
600 0.787252637034025
700 0.351045090020049
800 0.786403649631099
900 0.877036100430781
1000 0.774266981550575
1100 0.628555656975486
1200 0.694038031948175
1300 0.230700307835974
1400 0.687190587347237
1500 0.228451297949296
1600 0.519553318487135
1700 0.0962453910940245
1800 0.940992804710195
1900 0.460652984634982
2000 0.809624109620468
2100 0.774402429660481
2200 0.789688212513178
2300 0.158944948565839
2400 0.758963809640322
2500 0.401610070954184
2600 0.703285925880511
2700 0.842089905567957
2800 0.662392003684343
2900 0.53518054421476
3000 0.848008637695196
3100 0.401105546308327
3200 0.631325474634851
3300 0.675706261990479
3400 0.97986469074309
3500 0.895806091935981
3600 0.324038180946516
3700 0.908140712562397
3800 0.31177710837463
3900 0.997041611020165
4000 0.58231107294565
4100 0.708184792990952
4200 0.53332335388187
4300 0.548700491311593
4400 0.342081036632639
4500 0.63982621881842
4600 0.930373525501211
4700 0.746979392976738
4800 0.918854254767724
4900 0.915875668066959
5000 0.38190858941245
5100 0.77351413663814
5200 0.990562494524534
5300 0.412617050369682
5400 0.973716665629589
5500 0.705278839921503
5600 0.56266772854044
5700 0.821993862477696
5800 0.994066801262355
5900 0.975858804963744
6000 0.975761441700881
6100 0.826044624642712
6200 0.723492987086491
6300 0.251616518795099
6400 0.639436397278352
6500 0.988387974364006
6600 0.780850698680249
6700 0.781082782433234
6800 0.788984323602959
6900 0.931942321103294
7000 0.863719579293838
7100 0.446222070198435
7200 0.65006448111825
7300 0.668138867355929
7400 0.821712110942633
7500 0.955921197018528
7600 0.278510271882996
7700 0.428607400283222
7800 0.933795765443995
7900 0.906276442110156
8000 0.97841066284833
8100 0.776155785652786
8200 0.841247807270017
8300 0.35752998766317
8400 0.901617376176561
8500 0.63616211963919
8600 0.885015004109631
8700 0.576151717770887
8800 0.865681752310583
8900 0.544602582988624
9000 0.911015189675091
9100 0.272216657886555
9200 0.738505746091502
9300 0.681263378965064
9400 0.50670755856161
9500 0.889157115851477
9600 0.902234962514246
9700 0.543301732374136
9800 0.846384139049891
9900 0.745877340803292
