0 0.76181118309564
100 0.860154801779151
200 0.96514894797515
300 0.61235750634472
400 0.912044778763419
500 0.218073446883622
600 0.628897487315741
700 0.529128282695366
800 0.640476378386179
900 0.809061587569788
1000 0.867447302967054
1100 0.939156931576781
1200 0.556181102901656
1300 0.497394141983648
1400 0.98797422672711
1500 0.893367224972809
1600 0.800844177239207
1700 0.874996206182745
1800 0.945056982964779
1900 0.937100016681173
2000 0.757808248241285
2100 0.751647614212984
2200 0.977891965715303
2300 0.71805622537701
2400 0.431136264641609
2500 0.802810610651417
2600 0.0846972635379784
2700 0.412778204571978
2800 0.909716143896301
2900 0.984868141336322
3000 0.616822378624536
3100 0.838976978454689
3200 0.789209373125668
3300 0.751268796586947
3400 0.819005201369992
3500 0.900407971853236
3600 0.244389606355481
3700 0.712952181039729
3800 0.703069516979741
3900 0.866300548683388
4000 0.844994214548371
4100 0.905142106788888
4200 0.372289029175752
4300 0.809013375297118
4400 0.871140371345174
4500 0.979994054357066
4600 0.241264080166526
4700 0.0123657588073262
4800 0.50699702750411
4900 0.731941869006924
5000 0.585933620122144
5100 0.710265006274057
5200 0.390905066762557
5300 0.878365684345343
5400 0.560658021451284
5500 0.818214337218526
5600 0.884594289793084
5700 0.687276007863414
5800 0.604730186385013
5900 0.629917423273248
6000 0.679417962309991
6100 0.648568661297741
6200 0.464616095420296
6300 0.947847437260068
6400 0.61730142602721
6500 0.623684875971473
6600 0.667790135789598
6700 0.960267554732863
6800 0.970098507466884
6900 0.794107523643203
7000 0.39107990181985
7100 0.326707776622852
7200 0.463804366475656
7300 0.477889230977748
7400 0.824433726652574
7500 0.423213565641555
7600 0.117654412652294
7700 0.727037058682185
7800 0.782532972307023
7900 0.650071242530633
8000 0.687712985373422
8100 0.954251961045406
8200 0.603854476412264
8300 0.490779677442122
8400 0.671095782792862
8500 0.596050617221745
8600 0.666151506582412
8700 0.921801411971943
8800 0.548884367479143
8900 0.110418609489212
9000 0.808474384616092
9100 0.156076144562327
9200 0.647028837283829
9300 0.355059797193772
9400 0.54809835089233
9500 0.479394113383497
9600 0.596819735151135
9700 0.720652999950425
9800 0.90090176816945
9900 0.45921209753156
