0 0.620838621022034
100 0.521461655982678
200 0.859541399651945
300 0.623520649701645
400 0.472162252340261
500 0.928601396380111
600 0.623079394183952
700 0.610706989369251
800 0.821883536286997
900 0.508701081183019
1000 0.568548532761913
1100 0.789560499880491
1200 0.49227928212223
1300 0.665445759188407
1400 0.98653060078876
1500 0.687244024564434
1600 0.837143949758341
1700 0.249317039118381
1800 0.142286826119347
1900 0.845489102377089
2000 0.835163078461959
2100 0.547005723332734
2200 0.454680566411228
2300 0.931417544465554
2400 0.487371773583692
2500 0.804682591282122
2600 0.96616208677542
2700 0.873873173993848
2800 0.721934367971462
2900 0.817103970727976
3000 0.803551118443018
3100 0.613474948743394
3200 0.888280674482107
3300 0.977920256402168
3400 0.630891515847543
3500 0.604843052651122
3600 0.734709366651627
3700 0.66656566602718
3800 0.984710694778049
3900 0.24301005086035
4000 0.969352821577374
4100 0.750463182815185
4200 0.798535316492228
4300 0.925970492507022
4400 0.818860549944667
4500 0.504314530048431
4600 0.662942174122156
4700 0.179595330171651
4800 0.853254395287874
4900 0.181366846813241
5000 0.793584353721946
5100 0.557104925965168
5200 0.864172523271879
5300 0.858462555191901
5400 0.758224178388688
5500 0.907991217943444
5600 0.722754427323748
5700 0.943548534143661
5800 0.223149939164756
5900 0.374414136264239
6000 0.797762163510353
6100 0.821553532149076
6200 0.693946104058626
6300 0.669317672634455
6400 0.358230051039512
6500 0.384511881511609
6600 0.846613723144306
6700 0.897294010421039
6800 0.83424926427236
6900 0.320498675518918
7000 0.985353032352988
7100 0.882410290387892
7200 0.329677893568711
7300 0.826656231558238
7400 0.936184235463122
7500 0.946923168332426
7600 0.316355668472421
7700 0.815059618864347
7800 0.799530899138818
7900 0.650593372516927
8000 0.336125948565443
8100 0.942610069159261
8200 0.497942335479961
8300 0.674736219422986
8400 0.592177898274412
8500 0.481389962597234
8600 0.644914546699062
8700 0.732334013755254
8800 0.564575333466384
8900 0.990482876142532
9000 0.851933160904974
9100 0.848380387492177
9200 0.768046954806559
9300 0.854311540718244
9400 0.212881277802203
9500 0.805052488151125
9600 0.52158611221374
9700 0.854517401323255
9800 0.58741990302581
9900 0.978670074143279
