0 0.830525788458306
100 0.752831557326045
200 0.672107571032208
300 0.401431548974964
400 0.26632095554073
500 0.691822415882796
600 0.938622525094995
700 0.56205280209308
800 0.653077262093178
900 0.72686057760367
1000 0.988311485583789
1100 0.502359368269108
1200 0.736451015569963
1300 0.477551253383558
1400 0.321397059560267
1500 0.678347339937435
1600 0.94764543555753
1700 0.710277775597176
1800 0.91515372752755
1900 0.830671393634341
2000 0.407652850206336
2100 0.667440183863786
2200 0.953342708216339
2300 0.44383607719182
2400 0.833589866170175
2500 0.994833881566786
2600 0.682976565527123
2700 0.422706541142813
2800 0.251215831368293
2900 0.546504008528076
3000 0.810097398138926
3100 0.495387865787373
3200 0.513451777923263
3300 0.182067146005699
3400 0.874977072533522
3500 0.845768680960975
3600 0.351512083769861
3700 0.618651372198232
3800 0.848239645733452
3900 0.799339831223955
4000 0.864685089963287
4100 0.500272354672644
4200 0.270679812972292
4300 0.832418035517815
4400 0.329930997116502
4500 0.151022486284155
4600 0.522238986385213
4700 0.898606240322813
4800 0.756044342698988
4900 0.576938532888178
5000 0.242495200016567
5100 0.783535916955436
5200 0.744447162836788
5300 0.702943338828405
5400 0.649224606822091
5500 0.690981222094731
5600 0.992897769042102
5700 0.825051269712762
5800 0.966528325159282
5900 0.701518961577892
6000 0.722025200909123
6100 0.482197973333604
6200 0.819649486028858
6300 0.698293305906692
6400 0.108156690721735
6500 0.139090168235065
6600 0.680071787712888
6700 0.415234779885239
6800 0.404110890493319
6900 0.549683355686302
7000 0.67221021173787
7100 0.860578622445579
7200 0.903035288254238
7300 0.594351858531593
7400 0.706797480630631
7500 0.679624016889695
7600 0.545527068929134
7700 0.332086312062034
7800 0.817447535454461
7900 0.922600259321543
8000 0.721029095635227
8100 0.59575338405684
8200 0.991884978024808
8300 0.886543596005523
8400 0.973651300764599
8500 0.709873877077716
8600 0.485385741022449
8700 0.866405328567598
8800 0.388813867762193
8900 0.702692652107034
9000 0.424816324085591
9100 0.769226651583846
9200 0.916439814249657
9300 0.837353011894175
9400 0.0765779367158346
9500 0.742141640024294
9600 0.261665903812629
9700 0.367580291232902
9800 0.489919986022799
9900 0.576591784811245
